Mean: 249.77621989860583
Median: 249.0
Mode: 94.0
Variance: 21118.950393821877
Standard Deviation: 145.3236057694065
