Mean: 1.8790659927977443e+20
Median: 1.88008049965543e+20
Mode: 1.27620004531949e+20
Variance: 1.153474961606934e+40
Standard Deviation: 1.0739995165766762e+20
